$ANSIBLE_VAULT;1.1;AES256
37383835373530626234616661646637393035346265313737333334376236323366356337343039
3635326632356664656238336264313766633763333464620a663964613866656236363362306138
65666636383133616463343337393036356565346230303139376264653636653936356165646161
3361306632303163310a393033353438636133333837636530626263346562643036623435616635
38333032303436613965653630313263653963333863353232396339383839386631373562303336
34663263656230656136383137373364363733353037326566613539623332303339353663616436
37326539313036646566303761383630356337386139663838313031613231366536383335363337
66313163333834376237653832623134333831666437343832383037386131366134323635373938
62646461383333343265623835373634323236346364353966356662333364666633386134356163
33323262336566323865366231323837616633303934353066313434613762393035333537323938
63343562633435373038653631376538636261653662346134646465343363626433373435623232
34643831383032353838386334386331303935343166323230653465326536646538653038646239
61346132623131316639313333323966333339356362633738653966383835303363343262626236
30303961656561663661633266373163616664623839393662343566633265333030316530376566
353930363863363233633331663462353534
