$ANSIBLE_VAULT;1.1;AES256
34373765333766633264316564356236376261646632613739653836356436666138653538376431
6638626334643635333030303964353566393635383565370a366261333765346161616230663861
63646361353361366138393261326334393262373863613635303133636562366332376366393637
6333633363393632610a316539643039613035646330613632633531366264373961383062363666
37613639666564343138373535323137393834396461623866313336396333646630383638616330
38323134663634326361366536616331633739366336313761366464653437636636373430663364
63366439323435306164303436393132623365633736326361613034633562323733653565393363
34633637336336393432613036393563643962336364346264623864636532306566343861336231
38373133336234653835336238316534396236666261393264633139373838656661353034333630
31336366633534336264613135623565636664623130643666643831346638353164656635626332
64336461306437363662316464386361613964376239373434343833353063386433366664376565
64356138326439633230633965633638643431323832626632663338393935363534363437663439
35386638643530616137366135393362646137623033323936613231323663386463316463336532
63626331323438386639363435653831383435656563313332366665386364373432333464373934
35633063613030643637353439323364393233633435386431333337643633383931333863343765
32643066336564643333323232306335623538313464353235333262653033313763626430333937
62323963326431663235656461343661656431393661326566643838623836353239393033656438
30343730666561366264373362376533343734623965643536393439396539643633646131623431
66626336616636613538393465316264336236383430316361616138346561373166323461653365
66623265636264333839666331393364326261303735663933303236616634313966386132363737
65346336353266363866636661343733323136306137666331626337613065633332393239653065
30376565663135623061633936626539666535666338623164343332636138386635366336616463
37373736303931613863363463326631356532343438323331656632396135646663643030316439
65623862643730366135613062653135343235353562356337653033343036333830613332656538
66306364663566353964633934363838356164323831633661656530623231316330396665376132
37313930353634626137323034636638643333666538393835643837373336386164336266623664
39326231636637613239613466646538366164353164613366616234396635656139326261343030
34356639633330633563303963363136396361396265373835386161353364313861373233353136
31616333323237353433323039376532656466333638633037393536353434643365353366393762
63323038623238343263393830353136613935353262316433333638636266303235656531343934
33313165373262653531336163386565336563333231393961373234616233653061333862366433
63323361336562356231326265323132633266643431343234373761366433353166356339356534
30363430666236623262386330646262316338623033366639663334303039393930646538343431
35373131353764636264303861346330323336653664303261376361336163393965386666366665
65633761633631383063663231303136666332616139626131326138353035396439393966376233
31346633323033646261626532613763343831626533346533303535343839613262356630326333
36376535633461616131646332633462316430333031383662333636373136353862396536313465
65613462396237313539656430393836613938336436303166613563623832396431653261663861
32623239366538396433303136373335653735356438336330646262616233663837333065666461
38336236393531623662356136653039663332623765386630623333353565336538653133323263
30643431393364373162653238303430373237663932373738373832646631656364343365666266
37353764336636636531393664303463313431316265396462366439633236386461633633303938
31663933663761353436313961306430336634623366326364343733376164376664376266623531
33313562666264613664393432393533653965343435613939363464376238353134363861646164
34313534333866336431306631636439616433393937313665383765616432353036363632356130
62613638376433373939343730393730386630316331343865386239636639653130383463356237
33356137333830376461383463623032363335326530613861383535663733356132303139356533
64393866633265333336326137343636383263343635626466363635313863333332326536393066
65366134616138653762386664353034336333613134356432666666353933646564373831343063
30356538613432633161653737323864313331343466343233656361373863346131643636353462
33646232626333333335353337386333393936633138613735663437303536313432343432633437
32313632343066373163333632653331623638383862353463636134653436353038633965386535
39306132353130333139323266656238616361643463386536666230646334313438336632663233
34303765353465386631646266393965646161323665636334346461613431363661343061616165
62333832653265333533356130616635633566313464653162326366316462303638653464646162
39613134303663653531663061343632646438356166646236376665343734393630636263363865
61666236343231313864386539323331643761626361653035633361633130336632313666653533
33626437303530353033393863636131373536363564373939636139646235383562333731666632
33353933663436613666396538623135326133393833363936363761363139343863366132316439
37393738363533373463303761386335313064646232633431376331353236653763353034396135
66396565353661343939353137373363623962633961346334633136353234343732623261646332
34313837666332363866323464346463636437393964363762323362666436393164313566306630
65393161346366393935306164313063663163356236623462636266386538303534316565383561
33616638333064313164306431646237636333316266343330393139396431666332376632656136
66383137653633333832356532356437636534333436363531656162636434636233366134326131
64383438313831396334633834643036316361346537383338393763626430623038623530643730
33333638363863616235623630623731643330346665666438663765643564363966333761373865
63623638666137633964633639323932633631623230396137383165383439383938383161356237
62386339353339333032633465363261313435363763396234653732623137326133313133663563
35636639656562346663306631666137313863626134653466316337666234396166646631613931
34663034613533326661623632616539613862386535333732323663643232343561633564633361
39356239633331313436356239303038363732383361323835383137376335396438666666626138
32666165323766373163393539316230313539643663626431316330356333643534383961376461
38626366326233393264643033343262656564633962326330643132333735333062363737323163
66613565313231343737316131646562643634316133356265366162383165636265343766646362
61613762313537303037653535373132616661663039366665346131303630303537393063613765
37653431636462633430626133356136636630613434653733636163323834363139613937373530
62306435303339363631393533386664373736376564376564343063323836643666383761373963
63316435386638363061323464316332333062343238346232623830323139373635396339313138
35643336653032626137656262376266613135623063643433343561383561383737626237633961
61386666653438373234323238626232633530346663343136393530643439653731373733366339
33623432383765393462313039313132646538303837643261376236626137353666326166363930
61613335393335613430656366306664636338633438393932356437326563653539393631326165
39636662326631346565306465666632626664353865353734616430363562623233333131393463
65643730373433646336306438373361666636623032663931616531633436613462333534316536
62386635663531643233396339343732353935376161623261633361333662303937363735386561
32383934356161306266396437633361623362353765313930633062613439376666363232363335
62323666316563353432646436656236373132643430313431336436613961313435323366633935
30613036316464313861343734613332306537343662323137653433306665623831333935326639
37353636356262303036373465303366376364613831326130626532633964336335366437346635
35623464613363393264626335366436303964656531383032373234333564363931323064373365
32303534313735336238333262373062303261336438326331663537373764383033393830393230
61313461396636313139326537313930646439326630383435333435613732313239383530616166
61316532383333646334613566346162343139323537313532333363303865373064316565346563
65386535323466626366656364393935636534323863356336653633646134383436376139313934
32613535373162376336393862303532356231323665343233333964383232323037316338393764
66353063633134313239633561383266623561356539363531656233393036666635653563396335
62326233613838623266316561303437653438363462656330396566303162303638653535616336
32303738663334613937303536373035336630323761343335326134356533623233386439653932
32653261646330393635653938363637663634623565636463626363343861333463653638353230
39353836333565336630653931303532616536303338343131633739656136393736333366363639
63333562373131326331633536643562336562323534666635343435613731373564363565646534
35383539393231376631356435626666613966663865316631326661613039353430353335323335
62336632336562316435313735643661333334636639353739356530373964626565616261353465
61653239653166353361656262636262366634643731613964323138313739643964353637396466
34356465613831626661313263326665616133313363623638653930316133383164326137386666
31373830303332383662353832666139623363343434353161633362633361663165393865373430
65383463343664363464636236653533303235346235616634633033393838326436613663646365
61646361333530386533636539336139353634333431323138643634656537663831383131376563
62356164343866356636386632663439363233616234393161353366333465306138383362623638
61653236663637656130313930376333626534323031313136323966373332623432386130343937
65636430393532383833376133323063343232316166656631623937386139366262366461616233
39626466333961326334376665396632613832326133616433386631643337633265373666363765
39643032613761373130316537656464333331383536386333653262303436383032393832316133
31393139653332656539633136623733613435363862303962363839376465646562316165363065
35303263363466353063643031643539393631353133613265376532336635316133323532336138
64613436356139333965616663353036663738653865303033353164366237643066323563616335
61373863623239353832323937623830653162383636373939396338303930366431633865613136
66666236623339336365303737313939373832653136613334656435343837343234303830303634
35396162363936383731373635666234356233643034306339323137316333393832326235613965
62393033366636343263303661303933326562383062393136666363656336313631366237633432
30633664636636343866373132653931363938633362623338383731303363663436643135643464
30323830313936313335346564633662353035653334333361626233396463613739646662626133
61616238396239636263366165326430363666376134616433343165383162376263613633323034
66396439383936666239353234333237303330666436383766306439383234356235383933653138
66323535393431393932326531613134633865613537643966376666366661363032376431666263
37313931383930343838626435383733383162346262636566333637306234326666633963303638
65306430646539393739666461653730376435666164643461383334313462313839313062626365
35393266376239633030623064393362643466633039383536343961356131353338356130633534
66373762616336346332666135323833393261656639386439313963313461353663386136633135
63376130666339303439643939663462333131663162333938343139306664623565346437303264
34363532313261336334666433663565613339373136663462363463326636323838666265396632
38643365323030306334626637343338313633346538663236626231613838303732376532373633
39393764643939313331623539623465353337643864383965373630353764326532623566653633
63323736333834356463303538656535656539636565663165616666323232353538333863303764
66323532366365626662626331303031323937373631343964396638313661346632323266306434
38373166663765653262396164663930616535633239626334626434323165393536656235636265
31383064306661656239626635643038666465366464656138636437336633643732646463396361
36316337306237643738643465316534356665663165313062316630343963303864613931353061
39363836633864663337356631303839366263383637383138303438626233316337383161396165
35313439663131656639633634643563363739346163366133663362623537646265313038636237
61386630623666383239373932346463303338383832383538333931626461636236623439343735
63393862663730373039653839363664386262383865383436653461633133643465616430366431
32386633643731356265633538373164396537343462393734633163623537393363346263306636
66393239306430626134373862653265623038373963366439643339363338383135336564646337
33383666376535666132316637393061376366326333666639363534633863616232663964373965
62356639306332363462386563333638343338386233303163636335336232386239313762366330
34613934343930306439376631333431623033316131366231303934346130326636376537303235
64333933323966353264306464616366383739373564333132303963656261616336366332313362
33656437653366306366396637356635663933366266316232326563333064636637326132313937
30323962633461353136323262623764343637393463323931643065333932616665616537356164
34623463303162636232313266363031643662316330623562643530363565646237623162313063
39373834636134363238633137656132353465303439636163653762636535343064333932306537
33393435356164363337323761323061336662336132323064336631323633316461363466643431
30373634346130623263646638613434656433363864393733626139303131656537363037653366
32396264303736393236363163663331623838346539633863623865366264373437333565326563
63303561343432336639313561333131626539383331333136316461326230303163353432626330
31663061653964333233353135626639346366646638306164343966376437373630373131353865
62326635613961626632323266363439363730616164643165386637613039353634303231363866
64323739303363343636376361663964653733633534313631623637303238343037356635363638
32323433393832363466333439626630663132376435336361663964343834623134613465346565
33646263666335663636383361636335303737343562633833616364393832326662636534356637
65623862393865356338313335386133303035316530616632663965393763303866643232393365
36626261643033396261636139393865353632363432613632656234613838323831663161336334
39633762336137333537616665363064336239373731303131656265316562376632313936316136
37666632333532623961366666636331636639346661306165626661646438656632663634646563
31383433613162666633616132663734313739616137383863393563353632643435623637373535
39653165653663316134646466636632666631646163323533363730633330313438356566613837
62306635316638646636326337616335633832313134306536366137336234376166633365656138
31616663616631356239353138666664346634393836343433306434313635303463313530346233
33653265396663656638356563623335383064333132666534316636343831333631653934336438
36396131383938643435313437313064643839613566653235333866383062353461336435393533
62653737656364346634623566336636373264616637313038336439346364373534666662323534
33333034393961653836623966643036376637306564363761376230306162326462663134613936
36343165643636626364363364666632613965653063396437393531653334306339623763643330
34373336646462343532376333383036633138373439303733663535353661616230383238376130
31643032626361393261653863353933343933373962633631373330623933303639323966303062
63393332373834386134383463643462336134633734303961336563333466666534653534343438
31343532626130333231303132653838666130636264666430633463663835343533396436663966
35353261383762623561633732363262613532346464643761643531386634333730363239346161
37653930373839353438616561613262646336663834383131323930643833623462356464616231
65663333653531363166333034666265653433656534643433326637366365366463393137396532
63646566306232393666313765333663353365303238626564373565323438663162653034353864
34303435346437306263386566383634616234363332633435383433343439316333363462323336
37613735636364383463633637323634656130373833613035366139316434333638356238373734
36646632626635326266663066643933643731396533643338373834623833346335633938393966
63636630396162616230326438376639316661353364613736623531666131396238353236316139
35343037613338363262643965333463306364633932343562336532306163316466343465383633
62653138303466663836386230316562393564373433643935646634363165623134303864613232
65313337613234333037643164356664306164316230343039373663663062393661613438316264
62373335326130333635343362613234653535636664643866633834353361373335356537316331
61616565303237346266653038656637633564346531666431323565636534643933346662366463
31646433376133346330363465383731336134653464363035393661313166303635353563656632
36626330383035636231663661376539363038626631376666616566656637363437666133303466
63366235613639393734353331646261393937616663303562373864613263333439363637623764
39613931383034313765373665333935353336643661313764616365666334363262613439666137
30646264333763303433656337646662633637386637346662623838653038353939616138313466
66386661373663373434316534363933343962653139363837333234323964636662616138616265
33366437636130333035643537613563636532653463323261323031303064376332653761313036
35653535666534333962306135376431346366383765653039626665643363373237326563653831
36633535363265336635396466646538343365313539323766383335376635643038376263626631
61353838663666386264323438363339393935346335643430643361333436326263343563633866
35643833313636363235343565396235343661633364326339323933383733633765653134666538
32623737653632306133613033363235386466613435393634343337356435363761346538396235
31636533306266356336653263636438376439343832366465313736383431646339643931303433
31316539643566373230323164613661643930373762363333623863613539326134643638336661
66666237313238356530353835336439333563363761353038366232653037303236353933363366
62373739376165613534646537373238643534383638643664323665323766333838626331343835
32366663353338636336643837343635326134393232653436323933616337633365373263323833
37623139363738303964343532316234386130663237633838623062343165366439626138656437
33303934623464323031393563613361373265663535373734326638326363316636376263326563
31656535636337653033303535356665656533636463323765323665666430313631323831393030
31623764663535613732386639323231376237353334316336393763346333373462633966373665
34303063313862646266333531336665643163616534633862396233326166636562623934383366
35666436346138663265356663343433626561313933336163383233303533303834313161633333
61633162303732663039613439663761613936626261373266306533666463326637333439346231
61346161386266663564666234643434303461323665613461653039613130353066626234333733
64653039326532626262303536393339393363313562616164633064643861616232333632316338
38316662376266353032383464373863613431346439363964373763653437643735653662386133
62323066396530353332343530663135633535393135653035373364376230386339343339613535
61326461633637653535366561633439656465393337303061393635656330616535623734666132
65623164353265383235633366613037346461636337336631303433303335646463633239623239
63323833366631636233353030303833373261363639313062653033666530643966393264343466
61363832643534323165363762653263333537666663316566326562323537616262313133323734
38653338626239656630333633356561393064373932663232306330636536393833343966613437
35633136333230633335633631333161633133666632346539303831623134353434303164353539
35363737383166653363643039663931356439333833306339623663326239316237336538333265
31613831343335373865303066353030633238333863666135346262613635623161353530336261
31343664666361633165663030393162646137633966646533383633613339643863346534343137
37666364623130326264626666313566306135663763646262323734623833663530363563306465
65653630326631316238303133336434363462616531373533323964376239356231363933646666
61643865383561613838316230663262646231393632653830663230623464376163663963613636
64303237636130643066326630363261623237353138666263663131366565326630336332376565
31363331353566633338663462633133626435333539396262323534386634656538366365616333
62356135363233313834303837346339333266336436623530656330323030663336323062346361
30336134613861373031646634643462313634356164633433313738653731373835373465376265
63303935306530303033383138623266633063386232326239383735343965636164623865356264
34363264653633366434653064326638636464396365356163336436613330343761343739386630
33303139396337646539653534633339633935303663666538353765373339623365613732386436
39323439326465663634356463653837653863306133353661623465633966343138666262333339
37396230353439336433343636333166346233623636663935653030383237666439353362303938
34656166656366333565623931383466616536346138326365323836623866366461663133353566
34633265363135396261666632313864366131316537343436343633393463303739336465393630
62643031646366306538623933656563636533616634326135666331663931663631633038323665
65343734616638323333323230373133393462346365313930623365306166373638376164623137
34333735303834346262626663356537343461373066356262623938616339636363643231366633
66646236653737323064323736626535356534323233323133373237613633323331363138373962
62626432343531663937346266613865313034646161323462383061343463623339613033636130
39386331386165646533346165646230626161666165356432363236653335363262636131613062
33343030313632393063663038343566396163623535373766383937343532613266636465336137
64306534333365356339346533366436643036363964353530613265666538626466646565356239
32643634626136376630313130313836623366623930303061343964366539326566616661386639
31353661363734643866356662633835316336323865313535346537366361663930386163643335
36353964633766373837663537666561393133626165316461303933363762393935636166613734
36346136653938656135386263613938643231356364363031373862326265363938316237366335
38653130363733386337623564633236303839636539643637393164643764376633313362316534
65303665303264343136623130353834343332613839653461663239363931643835386438366437
35336430316362316365323432306536316232363036643139616363616336666337626363393932
34333338363939396637383938313230343734366164333161353833666131316438666237613934
32306238366335633863633965376430306265623864303538313764393765616539656532633162
65336663623434663831653738363062643535663165363263313661363539356537366235613736
65623764313765663336396666376166336236646435613033633065343533666436626636316336
32666266616466633133613232383331343936643862626465646637636566623832323761346131
33346239643337353264666264343431623636326135636636623736653135643463366139373936
66633538623733333330326136393139326233303530613634343636356639323866343765623661
35663731343937333031326232663465326665643461303266626238343964643638333633323138
62633838666339343337306361643262346661333432376633666532346331356366396231386638
66323636393862346164663036636264623833386466383534326636386437633438326465313466
31323339626230373030353132336531386235663564393865333837353434643638363532323064
33636665653135633361366539383739633139376463336264303264383463313261313037636663
62366438373838346637656132613731333434633136323461656261633262626662643032313539
62346236383530656665393633333065646164383264656164323662646438363536633536333163
35616564616638653836343065323933613562663637376437616434326633666166376630323038
64646632323063326161303635343662643563383536666661613564356538326432633661626438
64616536356138646632623563336361646531626333616338303535653564386533376130363364
34393462333431346564616366616162613561363435363730333866386233333033383433646438
63613734383732643463663265356664383164646666366233333965303465653430383361666431
39626531343333343164386261333136393430303337326636643565656565613262333666393664
37306433336131306639363937343534343532313335313937323661623632343561393233353538
34613031346664323064323334353734386463336635323061393939346133393230646637343530
30383337383930326333643735383363313336643263353062313764616438666131613135363035
61356436303966306464326462383266636536633038326231393739333565333664313432363334
33383530326263336164313161316163653264636334613136666362363230343935636163633631
34373735303233383434393865303438323363363031326333366461313564633530393564363936
36333233393435366237393031613263313432623630343965663465373534363664373663303639
36626433376166356231336430373263376365343464303230616662653730303463386436383465
63393632613137316266336463383635373264376431613165656234396239313939336566666331
61336566643464623839646166633362316634323666323932643036386237356466393532376533
31663833656561313832653938623638393534323533646462613333393162383633316230376461
66326236396661623665386666363764663666356363373565633337633337633961316637643135
31333538373466653963336562613035653038393832346637626436613265656132343937333564
61626437653466616432346465343733653662333332313631666166383138356138663165343663
66613739366465303365373037363764666439333136356234623764373239633061313032613662
31316634306532656135633331636537636231376265393238636632666164643231623435383337
65353138363536356664656131633739633135373134323333383038313263303338383835656638
37363535623934613065356236353466626137333664656530383635613539636432613436623464
39313463306232373963313961643833383536396638323532333065653563656265383165646338
37306335376265393863653062386161303830666465626331386239356639663930666135636234
64636265633837363834663537663431353462653233306432376465633830333837633035393366
34326635653365376535643561363766666263353932366365303364366636386662356462363632
63386566633239623566646431303132396237663266323165623061343463323762623430323530
36333833323135353062396466326466623465393363626166623139663333386631316436356134
63383831316636653864373738616537383864626236303630393536386234616633303535366163
36353665633330303233633265363036353136623636643465376337363537643465633761326465
37633133653539353339623264326133333661616164376430343136313937326130363361643531
66356530656161643833353438666632316337363132623032363438303263643634353332313564
36346238376237303435386231333237393439353061633137636364373637663564303330313265
65636538663035323735643939626665663332313330633035653438653466353066376364646336
33623761393733326336306233633535643530313162633437343734333836653662633230613764
63326262393631333939363665656337336637653138306536376437316161626230653032626661
32373264303332616166643863323635626161353732613439376634613730656230343933613766
61653234346265303132323464623561663932653338343232663630396533653561633561343738
62633138663762303334323631616236376363666135383431343836636338633664653661363139
35303037353461356231383536303866326463356164376565666137333734363065376137313665
63343938633765666334633433323731353262626362623363613133623561306666353637326339
35356437333238376633613431376533396437663035303130346366336663636664393739656436
35306633623830343437633132613838363234653136643333663161343639616438373335303332
30313938366265636530373931363266383235303263646436383164616633366335393739353066
64316466333031373739663265646161303035663035363937346535326462646233613763663831
39323231396133333262343264616430653339386434633631613462303530616132333539376463
37353961633066366131323339393535396464653034666637333764326135316630326465393438
61353136343839383535643630363661623733333963313664633532363166326163363535333364
36636631626636333462666334373063343932346563383435613130376432363962623864343737
65396161326132393334303534336461303636373666646666663234653635376163383930316338
31653632653963353235373063626330393036383962316233373335646238653031383435316235
38663564666464353861643339323364353362363032613031643762653564303736663964303933
36636665393663623238336138653539306331626535666536353238336463306138653765353830
61366134326636633865343032376332626433643436353661366435663138343637623333303231
63386165376130656232373861363539653863326166623938616361656636306336623564656165
39643864373531386534326138373035343735323238643862353133353030363236643064373765
30643461613866663939613732386539663035396337393063313133653639636138636432366538
63316663346162333739393365356631663734303065613239303562653835376433626536353132
36633261663138333935613561363631643933393462663366666537376362373163666330343163
65313630346430656566653836616238666532633136663637646634663162363138636638366135
61356433643461653632396263666131323961343638386138633166646233313130313439373863
36373037353834346366363538343039313732663035383665316261653538613836373336303963
37396266383865303936323037343138326266636638333731303833316531393836393364313737
32646562353161346664306662303464363864396530653961383339333934303863346536386538
34336430363436323666343137356532346632333064336539393835656261393736653438383663
65373861336130643064653937623830316230633539353064613563343439636262626166653636
30633661623235303038636139373161386534303632326463356537313264363337356565303436
62313937636336333830353461326265333233326331666666316534316361643234643465643065
31646461363864316264343130376338663336313965616662306464653236346430306136366634
65663836303566333936643666663133376338393062656161646339323838313431353536636534
34316138376364313861313036636463353833316534376634303765363630613364353039656537
35303331633563333633396433363730343535323464373139336230616239303738626562383835
35373462623932316666326236316365303734343337393164396632623938346163373432303964
38303763366163383136636539356266653064313463663830336363623038663865636138313730
31306132636165346132633136643162363566313135626530633137306262383432303931363466
62646466343531396336336436643337393865353038383231333432343432363533346664383235
35333834316261656532646462363534636438613336653732616233666165353361323461393030
61663136336238376562353561613364363033366630663461663065356430366662363032656237
37393137313532643837373866363032343634303838306433353139643232376561383165343462
38393834373766306337383262626366653431653536356333333235633961386433323536666231
64376236366335333439623933363561333236646436646564636165303038303039376664393962
66396336626264393365316463366663383031623839303536396364646266366539336230316439
37336265316663386130356237613264333838353666313766656336633135663061346261333830
30623531383530656163303362643238373661376233323662396533316265383031613665333632
35343934316534646532353836306362666433373738653562643330343432383533396438316232
31353830353933616334376164316430653738376236623461353164616132373165393065303433
39616232346632323664376639313563383932316136633230303133316535373739363461376265
66393235656465623930393734323634336237363332643237633965323630633463366662386535
63343037363531373963363631353739353038663234643230633234303033323632393836343332
62383631656461613830373733393461636237366533333236316538373135336162663738373762
36326130613464663038313037353233616333333263303632303638363531613433666435643066
37636231333430663036306437646234616566313035663632366434306564663465373466393936
61323933326362363738313835623762313330643038323162373032366163326633363165386136
39376363636365356330393136653833663330356135393733656137316365366264306430613262
64373131306335616632376636383862663730626335653336343938343937386637363931326633
34613432343863393865326563626464613833373631356330306538336332326164313730316330
32326366333964353363326665356130663239646366363233366262616137383334666635636635
37376337343264613839393364353130363164356639303631653135626534366436353039386535
35313335383233613532613764303336316439613065633331626463343932393266373963653962
38356135336663646132336164633963343038303963316130636262316362313136646365386139
64616337336236323938313963613364363033623461653664653430383866363933623637623832
66616437626333323962666338356332343534643566386337326536373765643063383363353363
38303836663935383230636338393630306266323361323439396164303662373231326334633139
33323739636566613931366562643435616533353262663237633464653931613630383366633765
62356535303839343638646435396665343061626432656431633637636439356135643936626363
33356264623734323961366531613634303135336535366363646638376338366536363462613665
63653538643636323266336639383330363763623437623264313232376130643233643737623064
65373232303866333533326237366265623334383638663466393130353261663161653036636439
34316236336130623939326262366631366166623537656331643538613535346462663739386535
62626465656235643661373364616636623832396136663935623261336161303938316135356532
34646233663338336131333865343263316339346235323434313564633861376664303630353132
37313537306263376366396531346463333131633132316635386639616466643631316138356631
38306364613431646266343232613564316434393664613264393666396639313234306638306165
30383739383764323237613261313562363938326566356261666639333938386131333963656138
66643362326264393731353765393461396239343861646463653161613135393466383636353338
62376237326634333064626239633335326663356638393831633361303664303934336264656630
34303536613939396136303463643534613938663834363133623338663261306132353333663136
32643336663563663366396234643262646432663563353761336166623038356165613933303238
63323533383637626133313433353933313261343464393239323131626637313063363266613631
36336130363862623830666138396431386636633566663735316434336433663137323430623534
66613338613539616434653262306463393834373432353736653566316133316435323463613330
31333531326234373037623364313262353339396239393764396233666364383664356435653034
62323431346234313130313239383335633939393338666264336533326532343138336330623833
30616166383935323864306138656139633962613664643639313437353235646164393434613032
36643562643833343663323462386336393836626265353739626639373639653563383331393037
34663166303731343736316437303034363934336537653237616263646464386466386530613064
36633366353364396261393035303539623362636636363162636262646130373466643566383935
37626165646435643466306137613661646433366336346363383136656332633738393234623132
30333131306561343735366665656237353637656238333233663764353330656535643037303534
34353963663732393738663361653064613837383666643164623939323330643164613131353164
34383533643732323233656335333930663736626633666339363338323237653639653330626438
31636631343766313363326161643262326165663366653033343132356339353662663739323330
38346338383866393963373364383063383938383138643037373934323564623137613135366261
34326330373764376163623038393861326234383461343932383238383437306233336533616433
38373639333963653430616530383166633336383765366463616432343265383737326264636364
61373162643736333165343539636435633231616531633934363631623832346665373237346265
65376337363931653739663536646332336466633237626537356663376363333638623765613031
64323636363966663430336464373563656666313634323437373064626238613136353835616361
66306531383032383933656339333761313163336366346366306230373762633463633266316565
38373330663430346334303964383430356365376365643334363366613763626637663836376632
64636661653561613933636230336130623331613561303264396634653166323433316666336162
62383565633165333730323637316536343133666133656364343635303239333966386133383635
61646335353636366262623131376162616237316133383334343135643564336261323431643064
66396665366330663531363031323966383738366534303630393961613531306631376263353062
34306230343939623632386138383332333637323962303035353435383135663735633132653936
36616462653161313966623464643436343239386538323732396537313634613434653434363363
62656636613531356565623530643632333866663236306531646134613130653338323730363063
34623130346465653165383563643934613834613462663436633934616436376239306539613730
35373162656631643633343930616137666532666436376236333634386166353732346236663638
65386434663763393136303638666663376262376639396263623262373231633038653234623738
62316565653231303766623539633936336232656337393236303661313766646366386338306564
34636163363031313764643033373431633332303036396338366563393966396433623066643064
35663765343135653730376566343863366265393935363439623838303262656334323037353539
30613632643963666632373239646463623938326638656332323938306534323338356437393131
34653638383164623930393034333561333730343061386330383161356565323463316335323633
36356634366436366431653833343366346232363730386363343934623165303463623836633062
35373239336538313161343733346636626135346433303433303333373733333362643735326332
35316538613166373366366361616538313066346335663930626238373932313064663739316437
65633039616431363037386236343536366534643364613334666434363331353333666632656362
65363433396336633536343034313161653866396336623732336137376637356561616437313035
34623830653735343737346165393462303866386533643236326232616161633662306365353165
65333638623639373438613862363863623337646437663866653739386232666166376539373066
35386431366332303132383632393762396462383062613931613137303430393731303830666135
64373166616339316533333363636334346333613835396539343063366539663461363631613464
35336266633030383836346239336266636434386261653263306134363366316235313561333766
63346462303933326539613536393937343063393730376432383163306461393263353832326662
63653464313364656238356130653163383033383733626131626338363339356562316564666533
61316132666631363939323563323238666233326534346637303339333538326139623763633739
37333266303634383566383462633537386166383131623161353964303036353539633536616131
37376462353735366666393631363133663838633332353037393839353464373439366336653364
65373738666164613136373333363163323334353061323161613636646464363634613462343363
37346162383932363866613965613036633565326464303238613166396566646239613363633865
34623831656666316337326237333032353833613763666437633564623039386633303235303365
38356563396430386637653338663062353032393166373162363739306539383364633562663261
33303330393933653534653565363864373530353335356366623863643633313936363661336332
31346334386663386537663262316238346334383163363230323636646138303164353430626636
33343463323730616361623637656562356332313262353832646234646130633561373262303764
39366635333339663131366233613638633234363462393937613432643866303761636632613935
30316665616264663962376334353934326663333332663463356631663138323330383039343938
35373034356366643435646666643834613036663430386634383039313066656133636139333961
65303064343362373935653532636563636163363864633132373061653166316562643533656263
38383336393034343038393765326132633337633135633732316538393638646562363530326435
66376232343961366461623633643565666238366134623837633338653365353630366635663737
62633862663364666364656532343133623464383539303361653239366536383836613965646630
37666438353064653536616262383965373664363534326335366236346363643963666362656539
32633161326532366332383839643535666435646162353034643030333164356637323362636632
32663462333561386665353833353135396233343936353062613736336665616665363965343564
63616632643031366161623339623034343633366166373231633766386539613365353063663566
32313432333839333862656362393265393866346630643365383430633134393734363231666334
30326461303436396262356561386233616463303434363964323331313030626334383535376432
30363734646363343939623363363339643334353339336134323064316637333036313732366331
39383361386534636636326332666334376664373365653462366562366332666265623239303262
37346431303562323936396632373931643965613834393063386334326333646435613236346436
65643630643533626430323765383531663032386566656533386330626165343831643538623465
39653430366630356632613338373961663132363030626131656266323935383463633434333739
66363764623738336633666338323139313137616365313265613031316333306436366662373262
36646261353563393265356631356430626238386234393862333864343536623832326662613166
62353063343666396662633465643232666238636535396665336366613838643631396437343237
62393732646236323133376365376264313965326231303666623235636238386631313838613534
62396632623339363035376264336534353564373462363938316564643362383764343930616663
32663636343064616432613036376664663738626466393665323232646162383464313131363366
31626463643734346365653934666638383661303166356333623866303566376431633634326361
38623132316331616331363964343933313236643763316232343535373330623734303132623730
39353538376664383830633234383761393766616630323166383536623965623562303766346536
33626333353333393133303432636662333465623837303763616335313732343032653966663531
39313432616634653533346562313836636165373835623265326161653833656538313837666164
66666364663262383063353863306134383463306362353232303063313134343537373666303036
61323036303938633132376565666461333966393639633037653761643236326632613737323439
30376438366138643231663264386131356236343261653864303465373234333962666439326538
34323837373162396533643465393032333838643763386337353032363066333736303736376337
37363331343038306266386563393532396633383834383035393130373063373633323066623138
31663630356239376261636132613334623537613037376635333734373332633437636361346261
64636439383462373031623131646538303039663431303934626539613236623163376265623639
35386630396431663333363535346565313866323164353465323062633239663136633433383435
35646431376539653832343038646365393562613966363536663939306331653366383265616233
62626132326437376437323739346162346562346438633436633730393363313639316430643162
36666562643162393135383533636632313531396662653536363332623061343833616137343837
33383362326432393938383733643765373637363732626439636564633933313039613636343432
30343762346538386265653534646261363536353530633733356361633239343465346531343961
65323634376635346337303533383137333838326262373963663363653939646461656139333861
34393866613835646231366138346135313037636265306436663665393233393335323164303838
31613261313431653962656338373566303265373932363231663335653861613366616636336231
30616133356635356637393438353862656236363034303465666535306230646466646233653439
64343363333532656331313239323332313064356362343963353262386237666335636139353730
61663462333735373439366238336262306265646263373665343832613538363736666635383463
35313762303331646163643033326138353762383539326461363664666133383761663831353130
34336331333139653435643034613965366235396530306365646432326265636634356539313333
32326533343137333634363332346233383732326431633232633032343839303731366337396136
36656665323530316232646663336461613861653638363964613635323234383230333138663831
33343731653337346361313133663532353631323538343763626130656539306439336531353433
61383532633264623536356262633730343936636534366633616435383834396236383032396563
65373536373237313736353633643734323466646531666437666465623532366633333934373133
63363232343332336631356335313133616131363862613031636462666138363062303266636235
61313130623765613235343262396236383437613431343936623434623763313133306434303463
38373337346538636336323961376365356564303830323334386662343436343565313135386632
38653830373865363232313232653863623662656338623565623435343239666438393231626437
63326231383961643463633364336333366561343762663138313938316338373635353037343235
63386263646439373331666531383233613833613630653935663237353939643864623133316336
31393866363530656336363434393235393363623135323436666564626538303034393261643865
36316166623337313363656163386265646331653434343736376665363132623031393462613532
35303037623437616532306634306435646363623731303066616338313164343835383036393834
64386365333066326265333561353033363933626333663634363736323634336638643461353138
31316632333437393935336336373630306234376539633063346133336661396339393333626134
31383564346630653266353731386333626233393337376234356136306435613330623430623334
38326463386432323130306361353439376162656435623233313462386563336334313332643134
33323064363533333363323335346330383833363339643930353763663762353738613031623330
66623165623631386562616437336635643730363263323863363830666232366134663964383964
33346330323161336266383231333533343439323730613136373831653637383537656533333734
63656662626638633562336637643866666161333533666138383661393066623464386266363561
32666536666431633737313261323436336663663366353733356433343733353231323931313937
63663730613939383562396138626266656665333430626362313430396562353861653562303535
32373138633061303531313531393666636561376361393961306232343536316437383863653331
66336138623431323666363335313538623738666437363231333031646265613937396362393561
38363035323964653931316630636639636538356634616636623938353130663436383538633430
36303565666636653361653538656236373735613565303833303539383037383730316562353765
36663836373066663635386230356264666563386661656265323430633937653832643933643834
32613933646265666264636565623532343438373066646665303633303030346335353031643364
61366234653633343532383937326638323265633134363637623864356636323434383131623163
64663132313765353261613462373836666537613365646336626666663839353864663136363332
32386562363137616161623663323137383239356362343139616465363638373633363434613937
35343462623565333636353132613064383732333933663533653132613962663462616466636133
39343439663239316336326538366636623135303166663065333261623039386362376332376635
63663032643739306165373832313565663462306165666235376133343362386565386566353130
35363362393262373665373231313564323934346565623364373039326234346639636533333462
35363330613337366365653534363562626636366436663437363565343764636664313163663236
39396663663435303962636531333936333065343734613435323037396331663261363938366463
30653061653333303035643032613063613035623630376333326163623961336537383566343161
38613034396236663734393064313231343864643962366462346362613163343131643537616238
30666339303330333637373933323535323132373035366638373766303063383739363036636539
31353766343539656631323438353437313837333531303264646561363431616234666635316637
65623162616466653237393031646239383562643161303932613864373736393965353938333863
37356630336135323530323138356639376637633964303838613432616362616461636563383939
37333939373737316366656337363565343465333437643435323236363636363339666264306365
65646565376439646663653333666464376538306362633837323561656561376266333166376164
65323637393765353164626234376231613765626639373236396536383462303531313465323037
35616634366166356233363632363363656632353564363838343465396637303866303364656564
33333134613935653731326531323535326531386434643366663361646437376532663232653236
34316563363662613566373365333533303035313735666337316362343965643565613530356435
39306564373462646163623239613430353937356536343337656139393931343065643636363662
32623331363238396537383731356334656334343965646533363932306533383334316131303964
66626231383766653631316637356364666134373939313338663734613465376362613735366365
30646330353362626332383866396162353133623830333134646335663166393230373932396138
33656639666638636534306134613034663663643166646336396262363564363537393433346433
62303632353662393466313633663163323065396561373531333765313930323738643261393432
35336533353562346263373634373265366362333530653131663836643032636331636537323532
64363962636261376665366435383861396430353664343466326536386233333066373333316538
64656239336337636165343862373034663664653838396232323761636563633363633938386531
36383366313061306432616134656262313635656631376166333161363864363432386365663832
38633639663737363664616436393664393962626233353937613634346362306239376261653036
34623836376133633035313961613836376235643634643365356464313533313531663534366633
39356464313065356137623135633362623565303662633039326135323464623463333162306435
32396666393532653661343232373765656464623235636462306236396535623261316239373930
30366231373238376163316262646666383932313333363734393433646366336231356133353035
65386166386336303835336266326466653965623633343662653361303836396462373965363737
34353239393735616636376265366561313463613564346637326464646636363837386339376231
62396137376135613166613832376130393233333961623862666564653134323334343964376138
63646566326135643961386162623535613562633063383661653763636565666137663331306562
30643461613331616231623666313963323537323835613637653337376338643464366430656264
66656562383063393031343935306639356132653337643631313431316662653866653435363239
39393235336336336532386537663735316365626666323233356464393162666432616134636636
64353037353935366135333265663863613834363733353037616263383432306430393034633762
61313434633834653065663466366235636133643439633239333335663538636539363838663031
64323137623733376363613066626538363563383165366363333164323764346130653930633537
34303237356664363262616164663631393162336632306163383963376633313130303366316465
65316236313666383239373335613230646433643065303239303231323766356365663531393733
33663330643237316431393838393936666335393635633330323466343234653830396634386632
62363538353039383537356665323965306335623865303933633938666365383665356336663039
63643066613634646665383532656336386232653430373936316338666632303365646134336231
32313263653463633932303635613963643864303534306333363261646432393037323639326435
37303038346439376665633332646534666432363933383433366134386563356565336136313931
37366130623739643232333134663737373263383838376665626638626636336364613832373935
64383834666236303636663233616361393339326466623462336533306434663135376165333163
64376362313762363964373832653432303065636365643832306335383366363338656161613965
30323661373433396233333436383366346566363862633134393239323166393032643838653362
65393664343762336130363661646163346161323937343165626330346365656237
